678 546
887 465
342 370
1207 247
709 191
498 253
343 552
1109 116
148 448
162 273
309 233
1035 347
1153 383
421 180
320 469
245 223
65 215
556 197
648 201
235 461
1023 442
86 66
945 372
961 267
1082 242
344 269
825 536
883 161
955 197
1278 451
740 625
339 465
630 564
248 143
101 384
1201 160
567 121
685 376
130 66
595 338
308 170
478 463
306 305
888 410
123 371
793 484
1066 500
180 513
1107 356
633 391
631 453
847 157
1022 140
339 172
739 127
1146 431
661 57
790 275
143 139
758 222
968 147
969 331
925 521
261 374
1243 365
639 273
438 113
585 415
1008 214
531 533
552 272
1089 442
1187 467
473 94
1170 117
1274 221
261 185
494 139
809 571
744 540
390 171